`.__T__wavelength:.GlobalEnv` <-
<environment>
.Random.seed <-
c(403L, 228L, -1917558420L, -859274814L, -935273955L, 100131479L, 
-2129695746L, -1473108040L, 1126636443L, 2125218297L, 678097224L, 
-1605637002L, -1120855631L, 1791191011L, 1827558578L, 837712132L, 
-899218873L, -1840634595L, 676029332L, 282703674L, -489333883L, 
-1764323233L, 1269297894L, -1997629072L, 2093114003L, -1449198799L, 
2137778656L, -540496258L, -1923762935L, 895313723L, -1192272118L, 
1371586284L, -1372861585L, -1928455003L, 2059173468L, -1259768270L, 
-572209875L, -1420127257L, 965022478L, 1299993832L, 1242058475L, 
-1708400759L, -463684840L, -687378874L, -43802975L, -207781581L, 
782094498L, 1619599252L, 161009175L, -1003103731L, 103862052L, 
-1521026294L, 601798261L, -1176574513L, 1939132118L, -1477545344L, 
-170206013L, -792028575L, -445082928L, 229286958L, 1951910361L, 
1514583531L, -1990909862L, 1991070236L, -1073839329L, -46917771L, 
-780272116L, 461031394L, 1737018557L, -865989833L, 912339934L, 
-1114410728L, 702510203L, 330795545L, -445318488L, 1517195350L, 
-31159087L, -903358333L, -1260303598L, 1691684516L, -1209755033L, 
-690539587L, -1702867660L, -1631508838L, 1238488293L, 1031612031L, 
-1366028282L, 2119160720L, -1759969741L, 1790807505L, 1636528000L, 
-1505983906L, 405838249L, 707278939L, 1788756074L, 993751308L, 
-627823793L, 762779653L, 800376508L, 447700882L, 406793357L, 
-446981433L, -1234789458L, 1714263560L, -440940021L, -862917911L, 
-557632072L, 1495151206L, -1131987199L, -95831661L, 1266094658L, 
-708012556L, -1602351113L, -979184659L, -671105916L, -1352351062L, 
-99174379L, -1438449489L, 1282477750L, -494551840L, 1087422499L, 
-454541503L, -1315012048L, 115785806L, -1372290887L, -1605823285L, 
1039227258L, 1519281276L, -1181757249L, 822498709L, -587037268L, 
867286914L, -163707555L, 564780119L, 749599550L, 1970979704L, 
1095028827L, 1821513657L, 1729685000L, 1866831030L, -639904783L, 
593280547L, -513057166L, -1785502524L, 797487751L, -419485091L, 
776760404L, 1914349178L, -117664315L, 692475679L, 1144550054L, 
-541445072L, 796157651L, -877034255L, 1375911968L, -615303490L, 
-1939209527L, 1602697339L, -130771382L, -848211284L, 1724130735L, 
37381477L, 408883996L, 1336211314L, 1408257005L, -1975559129L, 
533668942L, -431527768L, 314050219L, -1946225719L, 583356376L, 
-1469430138L, 1924218721L, -513969421L, 381930850L, 1667607508L, 
2060979927L, -1511394099L, -1377676188L, 1847491146L, 143122357L, 
-217332977L, -167509994L, 1817053888L, 842607747L, 780859553L, 
727527056L, -1788211858L, 854924057L, 835411883L, -1480032870L, 
-509040292L, -1623031713L, -2140016587L, 682394572L, 1270089506L, 
-730695299L, 146518647L, 1983155102L, -1469466024L, -578636869L, 
234984793L, 1571073768L, -910995690L, 2092925073L, 130612547L, 
1431963730L, 761756388L, 1358912807L, -342817411L, 1149504628L, 
-1707207078L, 1286591141L, 2034268351L, -2049832122L, -892028464L, 
-2111697933L, 514519825L, 1687667520L, -1025537250L, -1032203287L, 
1153775899L, 1908691754L, -802384820L, 68279311L, -234907835L, 
-622903044L, -1469829294L, -596959027L, 547959632L, -1205388180L, 
520278164L, 844364114L, 1738532576L, -1912610612L, -1703792480L, 
426291586L, -133721880L, -1545580308L, 25849916L, 111399026L, 
-1615808400L, 1411168804L, 687952440L, -1634164198L, -851728176L, 
377804348L, 1281627284L, -2023013246L, -16715840L, -1483479748L, 
-959269232L, -719680478L, -2125395960L, -1653934964L, 567154716L, 
138527890L, 1711295616L, 719199252L, 2145674024L, -246879174L, 
-1408168752L, -2147013524L, 1396659892L, -612450286L, -1715335200L, 
1371583436L, -786098720L, -1962410974L, 1552364840L, -666083060L, 
2051485244L, -702573326L, -846046992L, 784197444L, -649220008L, 
-1130784198L, -1101969168L, -179383620L, -1107582444L, -864551742L, 
-1926773152L, -168299140L, 1049091280L, -374346718L, 1878276264L, 
1029832076L, -1386645060L, 1238644786L, 2067073856L, 417207988L, 
2005184840L, -152051014L, 672864016L, 2009762028L, -222201772L, 
-316690670L, -1199648352L, -1038897204L, -1266616480L, 1217291458L, 
287059496L, 96872876L, 44344124L, -1752673422L, 1450620720L, 
111282212L, 1170775608L, -1999068454L, 1841846160L, -1574081284L, 
-2084723308L, 1515082562L, 33118720L, 101693500L, 1923725904L, 
766410914L, -1746910392L, -67882484L, -71077156L, 1890756690L, 
-997704576L, 990302036L, 1374650344L, 546802426L, -1577590960L, 
852411436L, -1477983884L, -1545103726L, 1390746208L, 1831352460L, 
2001865056L, -2094352158L, 664978600L, 1466863308L, 587872764L, 
-1019436110L, -582665232L, -790070844L, 1405693272L, -840259206L, 
1143855536L, -882835012L, 92626516L, -1909724734L, -265041120L, 
-1151624260L, -1080475568L, -2035219486L, 1857742696L, 144744268L, 
387129084L, -108413198L, -1226842880L, 2003072116L, 398482952L, 
296132026L, 1460897232L, 966787052L, 797678484L, 21123282L, -354284448L, 
1196266828L, -2086089952L, 1928026754L, -480673304L, 604668908L, 
688662076L, 1073905266L, 446100336L, -1690710748L, -1515558344L, 
-832712294L, -94935600L, 1082799548L, 1224296084L, 1477649026L, 
-751442496L, -1151037636L, -426003824L, -1514305758L, -1708018168L, 
-2019339508L, 1379912604L, 1092084754L, 1353118592L, -409638124L, 
-1767635672L, 1246949434L, -505162800L, 99011180L, -608465868L, 
-47744878L, -98565792L, -129581748L, -1098355232L, -692317278L, 
-1886135384L, -1283093364L, -1108819012L, -358282126L, -48125968L, 
772904004L, -1892579240L, -1283268550L, 204320880L, 94815804L, 
-1317435628L, -351348030L, 926851808L, 291515516L, -1751577392L, 
1549114274L, -977670616L, -1357330164L, -1916823620L, 1297905970L, 
1717067968L, -1053781452L, 370797256L, -1343092038L, -1957440368L, 
2105382636L, 1625685588L, 519464594L, -1976293600L, -986146868L, 
309068000L, 1239588546L, -1599196120L, -766665812L, -719258948L, 
772188658L, -2056948176L, 680187812L, -139980360L, -1518484646L, 
-497216368L, -1298912388L, -1489729772L, 1371778370L, 1706528512L, 
-160640068L, 1017778000L, 1092462882L, -234511800L, -274272244L, 
1273500764L, 1234874834L, -252224000L, -27360940L, -1935904536L, 
-675192582L, 152561360L, -1684795092L, 208658676L, 1899081285L, 
359356002L, 1779666384L, -692884743L, 666511403L, 1281800092L, 
-1487271990L, -82919233L, -2123640311L, 119479070L, 856195788L, 
-1819682147L, -1429948633L, -820332208L, 1905281006L, 1739606171L, 
-1243217155L, -86054422L, 2131595912L, 1393042481L, -1235810653L, 
1698283172L, -731758766L, 873272999L, -1322841359L, 197280310L, 
1209261780L, -1053744539L, 82165871L, -717335896L, 67510278L, 
1552383283L, -1374326379L, 204885490L, 319894080L, 1733118889L, 
-736811493L, -1532928020L, -1775048710L, 94207023L, 567901241L, 
1979944526L, 2045197980L, 397562893L, -1629575049L, -84991872L, 
-640354594L, 1816751531L, -615522643L, 825770778L, -1697195048L, 
2098899009L, -1481976077L, 564132116L, 574893218L, 472385975L, 
1687334273L, -813118586L, -1289868860L, -25886475L, 2062987615L, 
-1785185352L, 1766796950L, 267131043L, 1854300773L, -1371486334L, 
-44745488L, 1909216409L, -423768949L, 1023382908L, -470092886L, 
-1841773601L, 1865173353L, -175151746L, 1561699692L, 719650237L, 
28696199L, -2110109072L, 1042698510L, 1009237563L, 580570397L, 
1789802442L, -800202520L, -1288956975L, 635147715L, -1690874172L, 
1727403378L, -1358706617L, -564298735L, 182500758L, -1227243276L, 
-500258171L, -1045609521L, -1480422712L, 1396124518L, -1584672365L, 
-1516741899L, -679865646L, -37143264L, 1814787337L, 1414574651L, 
-176167028L, 380134938L, 109870735L, 1842108889L, -664408466L, 
2878972L, 2012141421L, -983154409L, 1433332960L, 1752466110L, 
2086178955L, 1537765133L, 1836998458L, 773371768L, 206941473L, 
-1932071469L, 792636660L, -1481210494L, 1319542807L, 868017889L, 
-1664876506L, 986772772L, 607444437L, -477560449L, -231948264L, 
1945386806L, -2138166845L, 1905600517L, -1105900638L, 1667307408L, 
-726092999L, -711407637L, -2089604900L, -1276249846L, -151214081L, 
